32
-2.109791 4.200055 5.327675 -0.455624 -2.151545 -3.790163 -7.961472 -1.957758 4.402886 1.310830 -1.002614 1.626697 -7.642807 2.825117 3.697852 9.838160 3.202071 6.381129 2.713735 -5.119990 2.500625 -4.029326 -2.057645 -0.621078 -3.482379 -5.095103 0.252349 -1.741276 3.687250 -3.106618 1.393428 -0.204423 
-0.924754 1.716090 2.673498 -0.021210 -0.674543 -1.824480 -3.187348 -0.880980 1.726395 0.122106 -0.332395 0.561580 -4.215111 0.629803 1.606567 4.913512 2.356294 3.830016 1.020720 -2.963542 0.929999 -1.844191 -0.453825 0.136136 -1.201534 -2.435081 0.170217 -0.361460 1.749379 -2.163250 -0.048872 -0.464117 
-1.335527 0.839774 2.434887 0.583408 -0.603162 -2.276586 -2.221024 -0.502979 0.800957 -0.533304 -0.103264 0.229846 -2.553152 0.941640 1.040018 3.269844 1.451620 3.048583 0.657799 -2.204257 0.662263 -1.111991 -0.095391 0.526758 -0.775106 -1.569867 -0.177002 0.302320 0.035603 -1.284179 -0.892728 1.169016 
1.152917 -1.114901 -2.635831 -0.628794 0.785008 1.567798 2.488165 0.238482 -1.160474 0.368262 0.356461 -0.462880 2.424139 -0.615966 -0.856161 -3.169360 -1.038980 -2.646265 -0.831600 1.791479 -0.261246 1.623408 0.192029 -0.260071 1.272985 1.449361 -0.121790 0.562081 -0.126897 0.670676 0.046345 -0.954439 
-4.101841 5.371173 9.574787 0.662989 -3.135836 -6.079357 -11.128865 -2.337853 7.033780 1.059910 -0.864277 2.695348 -11.967035 3.663206 5.060296 14.881209 5.384718 11.115138 3.961014 -7.614782 3.247318 -6.231990 -2.456219 -0.994656 -5.838821 -7.739232 0.175561 -2.515115 3.866404 -4.989585 0.855126 0.259227 
1.323317 -2.962360 -3.802415 0.198688 2.669387 1.926654 6.539615 1.089428 -3.971676 -2.277398 0.986745 -2.055723 5.067629 -2.423601 -1.991201 -7.837530 -0.976768 -4.249271 -2.769597 3.142293 -1.374559 3.638791 1.985422 1.610536 3.376660 3.695908 -0.432499 2.463448 -3.237175 1.863122 -2.619418 0.645243 
2.756430 -4.070589 -7.587916 0.098198 2.452624 5.249683 9.179476 2.033210 -4.982075 -0.611436 0.694047 -1.969321 9.141979 -2.729966 -4.316103 -12.176475 -4.433103 -8.465382 -2.955438 6.648853 -2.482091 4.612048 1.890160 0.682780 4.319109 6.227785 -0.589680 1.493811 -3.612408 4.192168 -0.774557 -0.221730 
-2.791065 4.509309 6.572152 -0.839106 -2.457670 -4.943574 -9.431496 -1.586484 5.214649 1.000723 -0.665331 2.182232 -8.764108 3.136919 4.343416 12.150245 3.900640 7.600695 3.368310 -6.015094 2.778313 -4.865994 -1.787697 -0.966891 -4.421741 -5.744854 0.479102 -2.020603 3.761045 -4.069429 1.133310 0.200648 
-0.683285 1.078013 1.380260 -0.460333 -0.780483 -1.730842 -2.499254 0.079608 1.155816 0.316765 -0.022485 0.699997 -1.620703 1.265709 1.017604 2.484592 0.782335 1.506338 0.712380 -1.158287 0.732897 -1.363381 -0.486081 -0.181851 -1.132243 -1.011413 0.268730 -0.400860 0.860544 -0.611662 -0.034345 0.258960 
-0.039281 -0.092747 0.078282 -0.215780 1.051296 -0.357048 0.595460 0.745869 -1.132771 -1.325713 -0.068379 -0.152692 0.111858 -0.638275 0.009773 -0.808057 0.284208 0.506098 -0.441159 -0.717341 -0.518989 0.157795 0.931054 0.646389 0.715390 1.007697 -0.171655 0.498259 -1.066746 0.598592 -0.803984 0.284161 
-2.439063 4.203348 6.688633 0.408263 -2.672601 -3.879273 -8.862302 -2.326994 5.091985 1.250593 -1.028971 1.982480 -8.727917 2.743850 3.902074 11.744814 3.525876 7.831867 3.434135 -5.694931 2.248418 -5.049570 -2.227921 -0.952941 -4.101206 -5.620751 0.057293 -2.265034 4.043767 -3.590101 1.473210 -0.396216 
7.842513 -12.233621 -19.368066 0.213204 6.314061 13.336377 23.870872 5.576132 -13.495753 -1.561803 2.572242 -5.535655 25.163476 -7.761859 -11.407131 -31.503848 -12.022347 -22.841021 -8.050549 16.839930 -7.321375 12.980717 4.770378 1.930184 11.731642 15.321177 -1.171507 4.773108 -9.493066 10.822885 -2.210956 0.299053 
4.076171 -4.472350 -8.237122 -0.595077 2.553932 5.869786 9.538964 2.269413 -5.247609 -0.055264 0.395460 -1.348776 10.257000 -3.570272 -4.483779 -12.977900 -5.571401 -9.759602 -2.731578 6.677181 -3.281532 5.075169 1.620157 -0.057678 4.327658 6.644880 -0.167285 1.013680 -2.734350 4.963904 0.053742 -0.552061 
-4.743644 6.774786 10.634738 0.601260 -4.088212 -6.694548 -13.697318 -2.687863 8.002344 1.465057 -1.796815 3.428229 -13.953560 4.476790 6.574867 17.743771 6.568756 12.964971 5.081730 -9.209393 3.933873 -7.865213 -3.081326 -1.221534 -7.332147 -8.807620 0.063954 -3.167202 5.471860 -5.444761 1.332837 -0.086375 
0.095967 -1.074122 -0.719323 -0.027171 0.543735 0.403907 1.389827 0.483677 -0.877191 -0.136971 0.237225 -0.182207 1.522934 -0.209663 -0.795143 -1.819860 -1.154994 -1.230726 -0.186172 1.229950 -0.801456 0.829936 0.270339 0.286014 0.566512 0.347938 0.299260 0.024222 -0.476388 0.628557 0.240927 0.115676 
5.780920 -8.215584 -13.701365 -0.856546 4.474861 8.810265 16.133243 3.687620 -8.892260 -0.903146 2.055720 -3.648963 17.101833 -4.772581 -7.629737 -21.732582 -7.964564 -16.253229 -5.248790 11.587508 -4.885096 8.892672 3.783235 0.612020 8.058720 10.520843 -0.482716 3.290982 -6.229277 7.007379 -1.100174 -0.155716 
-4.495377 6.596418 11.623266 0.391437 -3.659878 -7.553795 -13.750421 -3.166651 7.422721 0.704924 -1.635618 3.229063 -14.575452 4.301092 6.326370 18.664046 6.847001 13.227694 4.544925 -10.005234 3.796304 -7.157410 -3.178117 -0.950391 -6.695873 -8.990780 1.139436 -2.463649 5.506246 -6.442437 1.252078 -0.238305 
1.524658 -2.947249 -4.066876 -0.093928 1.396651 2.611364 5.111750 0.590611 -3.000337 -0.382995 0.941767 -1.723492 5.491860 -1.671141 -2.708487 -6.496460 -1.840776 -5.222437 -2.317555 3.427815 -1.023261 3.394100 1.511934 0.629164 2.915136 3.329000 -0.235810 1.575879 -2.407081 1.951103 -1.025301 0.220818 
-4.575883 6.640467 11.158356 0.977165 -3.865880 -7.577860 -13.645427 -2.969675 7.470928 1.087446 -1.489372 3.126012 -13.606228 4.088685 6.216347 17.929236 6.093610 12.936405 4.410029 -9.004486 3.577116 -7.447987 -2.980725 -1.074690 -6.650242 -8.720275 0.503984 -2.497516 4.761729 -5.862069 1.265091 0.500161 
7.732461 -10.862677 -18.877883 -1.462322 5.664568 12.192555 21.783799 5.474530 -12.217837 -1.100773 2.296990 -4.676835 23.415098 -6.379389 -10.130016 -29.275401 -11.005715 -22.348841 -7.099410 15.817251 -6.261936 11.806359 4.902669 1.575806 10.923352 14.413298 -1.260434 4.203524 -8.097285 9.959537 -1.430728 -0.495778 
-8.671114 12.085826 20.342887 1.205781 -6.369066 -13.735297 -24.505861 -5.653063 13.712203 0.732478 -2.395014 5.352568 -25.945239 7.760533 11.748140 32.880209 12.963212 24.864430 7.992389 -18.009126 7.450930 -13.191717 -4.719350 -1.117484 -12.094913 -16.180855 0.543714 -4.618272 8.756877 -11.384414 0.993553 0.508959 
-4.591543 6.854560 11.086792 0.190176 -3.933108 -8.079580 -15.339976 -2.702177 8.200121 0.847872 -1.749139 3.637650 -14.330571 4.701704 6.682442 19.205922 6.876106 14.292257 5.230955 -10.234298 4.667556 -8.002676 -2.988482 -1.333816 -6.977695 -9.065122 0.120162 -3.021459 5.130299 -6.178331 1.141516 0.457363 
2.120523 -1.758092 -3.603815 -1.036097 1.233266 2.074621 3.037798 0.669952 -1.882211 -0.146090 0.604005 -0.882199 3.998447 -1.448254 -1.498826 -4.772384 -1.248532 -3.666765 -1.431309 2.524546 -0.479533 2.659695 0.895693 -0.143493 1.836369 2.672025 -0.447679 0.745170 -1.050391 1.039416 -0.557825 -0.091390 
4.625939 -7.600287 -11.984031 0.386905 3.957208 8.702151 16.021180 3.503108 -8.707704 -0.956939 1.550304 -3.400563 16.114643 -4.871265 -7.545358 -20.713168 -7.725605 -14.604940 -5.078983 11.138811 -4.605870 7.684531 3.068985 1.654511 7.025750 9.741020 -0.673470 3.070845 -6.378309 7.134756 -1.439019 0.077104 
1.163925 -1.679895 -3.198466 -0.513362 0.591805 2.854400 3.078478 0.470714 -1.013857 0.711004 0.406433 -0.319253 3.757153 -0.782334 -1.744754 -4.901810 -2.146348 -3.983757 -1.225764 3.022182 -0.476381 1.729594 0.532207 -0.606644 1.163565 2.127851 0.101752 0.038560 -0.526852 1.359532 0.702761 -0.507208 
2.828872 -3.350535 -6.154848 -0.618727 2.609370 4.802151 8.062823 1.342659 -4.232410 -0.656147 0.375393 -2.197327 7.658480 -2.574969 -3.501963 -10.314087 -3.645541 -7.275793 -2.666941 5.149722 -2.323704 4.288471 1.587178 0.728806 3.840094 4.561910 0.196840 1.645811 -2.078262 3.091852 -0.385371 -1.221253 
1.662430 -2.257776 -3.372320 -0.107649 0.746276 1.892071 4.607050 0.834589 -2.143686 0.057233 0.650876 -1.200019 4.352366 -1.440965 -2.035211 -5.845572 -2.648204 -4.533673 -1.373945 3.530624 -1.439444 2.591527 0.829850 0.374723 2.040363 2.863373 0.127664 1.152220 -1.888492 1.801865 -0.126224 0.137056 
-2.061844 1.935053 3.383636 0.638684 -0.176998 -2.260253 -2.579967 -0.699901 1.737428 -0.683793 -0.707422 0.266463 -4.021336 0.867281 2.161487 3.961490 2.573932 4.169102 0.811308 -3.078129 0.888132 -2.065354 -0.380956 0.853073 -1.662274 -2.216243 -0.247028 -0.354341 0.694071 -1.628631 -0.394012 0.399552 
0.116467 -0.101521 0.646350 0.221496 -0.239997 -0.005611 0.056336 -0.140963 -0.417498 -0.176090 0.181133 -0.078607 0.032661 -0.354961 -0.242645 -0.170976 -0.173831 0.165269 -0.146940 0.137204 0.053030 0.364198 -0.036129 -0.612171 0.271406 0.119620 0.664875 -0.300880 -0.280317 0.128242 0.237016 -0.153590 
-3.318929 4.546494 8.051559 1.399358 -2.357606 -4.734029 -8.520934 -2.142400 4.297262 -0.384641 -0.947160 1.793686 -9.796244 2.309584 3.781262 11.811783 5.260461 9.572635 2.266444 -6.700535 2.752768 -4.929849 -1.600602 -0.771539 -4.574388 -5.352896 0.277363 -1.485621 2.946125 -3.668543 0.100563 0.532495 
-0.142042 0.796857 1.551062 -0.067099 -1.492731 -0.662212 -1.914442 -0.995708 1.089986 1.245581 -0.318057 0.488990 -1.465988 1.010273 0.275071 3.094210 -0.552312 0.669100 0.773298 -0.297952 0.073369 -1.220655 -1.013867 -0.977451 -0.721874 -1.127651 0.880982 -0.905868 1.059951 -0.354403 1.779147 -0.211168 
-0.165492 0.149772 0.299887 0.456696 -0.149757 0.179303 0.642436 -0.039643 -0.062557 -0.173288 0.228349 0.106493 0.035472 -0.511833 -0.340308 -0.434570 -0.070618 -0.149040 -0.197570 0.197761 -0.550935 0.198554 -0.362029 -0.093074 -0.002135 0.215025 0.143082 -0.063586 -0.110163 0.415343 0.242167 0.107603 
