64
0.042412 0.329326 -0.112992 0.063407 0.221238 -0.087911 0.134106 -0.141316 -0.150089 0.068827 0.482483 -0.042341 0.127842 0.224408 -0.267633 -0.265823 0.061506 0.325494 -0.397120 0.507360 -0.163447 0.037275 0.151364 -0.440714 0.148214 0.149332 0.080509 0.414979 0.335765 0.252909 -0.198996 0.040722 -0.118161 -0.020953 -0.481218 -0.320427 0.157938 0.561336 0.052256 -0.299777 -0.026342 -0.337350 -0.095523 -0.517811 -0.129228 -0.599154 0.002600 0.265872 -0.704067 -0.006537 -0.161799 -0.489661 0.316501 0.278262 0.219566 0.208791 -0.258728 0.308641 0.460782 -0.383421 0.206838 0.130258 0.040869 -0.068117 
0.022559 0.092627 0.079664 -0.418803 0.251894 0.159696 0.712300 0.474819 -0.339219 -0.256627 0.274895 -0.379904 -0.163672 0.437468 0.021040 0.890384 0.550989 0.069735 -0.020491 -0.403729 -0.132149 -0.326013 -0.120964 -0.342381 -0.549668 0.244410 0.234424 0.208063 0.317488 -0.241504 -0.432800 0.224131 0.384349 -0.246518 -0.257097 -0.077577 0.455509 -0.017633 0.660543 -0.166883 -0.735343 -0.175269 -0.096024 -0.230596 0.117364 -0.135172 0.093549 0.172808 -0.264913 0.043851 0.026077 0.717302 -0.388470 0.049150 -0.556179 -0.169980 0.228590 0.002544 0.124685 -0.134561 0.013845 -0.250457 -0.155288 -0.126441 
0.000059 -0.253255 0.350395 0.201563 -0.225586 0.192940 0.044549 0.199773 0.210648 -0.318899 -0.424094 0.063984 -0.160424 0.225418 0.290928 0.594677 0.260806 -0.138280 0.122269 -0.377556 -0.274139 -0.106140 -0.294632 -0.024975 -0.663583 -0.190149 -0.300053 -0.162194 -0.489165 -0.013732 0.306928 -0.070450 0.158075 0.061212 0.241642 -0.020555 -0.263680 -0.532410 0.479494 -0.021869 -0.231338 0.338717 -0.001465 0.738058 0.123989 0.586154 0.107094 -0.093957 0.570177 0.031608 -0.070739 0.398041 -0.822413 0.083986 -0.279792 -0.328504 0.307974 -0.242015 -0.422964 0.508752 -0.295790 0.175277 -0.185708 0.327511 
-0.200586 -0.307058 0.086753 0.002005 0.257441 0.115417 0.354965 0.238337 0.121442 -0.219927 0.327802 -0.219748 0.077452 0.478674 -0.405101 0.127080 0.353861 0.348838 0.055759 -0.167547 0.029315 -0.359604 -0.172097 -0.280673 0.064992 -0.042232 0.199808 0.202594 0.636410 -0.030475 -0.119186 -0.539582 -0.322145 0.103577 0.175064 -0.202281 0.124249 0.102463 0.054034 -0.139202 -0.148567 -0.442977 0.179826 -0.386631 -0.333225 0.104811 0.332283 0.345139 -0.104504 -0.125325 -0.198713 0.159659 -0.248532 -0.023049 -0.079865 -0.005387 -0.186108 0.530486 0.065444 -0.383556 0.085266 0.062677 0.176042 -0.291542 
0.428045 0.301520 -0.236282 -0.271759 -0.136294 -0.237845 0.295266 0.121475 0.078009 0.141465 -0.112097 -0.166437 -0.264944 -0.365414 -0.162936 0.332374 -0.071651 -0.778332 0.327044 -0.059890 -0.149606 0.060772 0.052252 0.136135 -0.191107 0.087778 -0.021288 0.017129 -0.312559 -0.163376 -0.145361 0.712657 0.400981 -0.344112 0.059797 0.159909 0.521570 0.118797 -0.039164 0.066844 -0.308917 0.322945 0.227814 0.194250 0.385833 -0.604084 -0.053770 0.129026 -0.046921 0.084978 0.437176 0.106576 0.063723 0.067063 -0.392348 -0.095857 0.205360 -0.566329 0.297080 0.171959 0.098638 -0.268052 -0.332273 -0.271393 
-0.218523 -0.050646 0.167625 0.108015 0.115196 -0.026512 -0.091635 -0.270384 0.469227 -0.189908 0.060552 0.037673 0.107524 0.191338 0.208656 -0.301190 -0.072800 0.144805 0.014140 0.086616 0.149624 -0.238464 -0.020237 -0.075799 0.482764 -0.360032 -0.152275 0.365514 0.065329 0.010937 0.005522 -0.313579 -0.150811 -0.035951 -0.193191 -0.033855 -0.103050 0.332444 -0.286766 -0.201843 0.440024 -0.254540 0.180615 0.054387 -0.197400 0.447595 0.157814 -0.114541 -0.199741 -0.152802 -0.338225 -0.026046 0.236294 -0.010794 0.099779 -0.153132 -0.158396 0.350037 -0.180116 -0.097978 -0.096010 0.043874 0.221261 0.090937 
-0.186794 -0.077708 -0.114971 -0.311057 0.031652 -0.083931 -0.113477 0.221412 -0.085361 0.112476 0.185652 -0.053711 -0.008086 -0.301596 -0.218087 -0.092290 0.065635 -0.041920 -0.145767 0.016623 -0.149275 0.306119 -0.160361 0.154677 0.041414 0.161128 -0.065967 -0.175270 0.083712 -0.021552 -0.083305 0.321920 -0.065425 0.081673 0.166578 -0.229754 -0.183360 -0.052366 0.095244 0.098438 -0.003683 0.005833 -0.018485 0.056015 0.147311 -0.242228 -0.057921 -0.144504 0.151665 -0.024458 -0.378994 0.092738 -0.096860 0.063268 0.340257 0.210367 0.253606 -0.344656 0.004020 0.447446 0.202787 0.101602 -0.108457 0.129085 
-0.358049 -0.099414 0.260693 0.083240 0.269664 0.151431 -0.055953 -0.414601 0.198402 -0.415795 0.174390 0.102468 0.546440 0.524904 0.268433 -0.092617 0.349175 0.261944 0.008521 -0.113117 0.231439 -0.057244 -0.304428 0.030104 0.665771 0.048460 -0.141888 0.399461 0.450172 -0.255582 -0.221724 -0.448750 -0.143889 -0.196008 -0.265184 -0.182233 -0.011724 0.338634 0.225737 -0.200450 0.045517 -0.195151 0.011048 -0.331040 -0.599088 0.190008 0.138334 -0.047280 -0.093087 -0.348097 -0.270454 0.136741 -0.013973 -0.113634 0.333609 -0.044157 -0.375103 0.037034 -0.293204 -0.060642 -0.072642 -0.327337 0.363259 0.275744 
0.111059 -0.029863 -0.175575 -0.218959 0.024201 -0.407365 0.131894 -0.016225 -0.098553 0.059609 -0.137199 0.074957 -0.089750 -0.345877 0.314540 0.262855 0.047246 -0.229472 0.113354 -0.088034 0.399258 0.340064 0.241471 0.202840 -0.236238 0.040888 -0.130295 -0.399654 -0.094305 -0.224532 0.036662 0.216132 0.040278 -0.234039 0.064859 0.218881 -0.072648 -0.404052 -0.258895 0.082253 0.296442 0.440601 -0.000188 -0.003244 0.079709 0.115261 -0.021306 -0.089925 0.319882 0.106256 0.228147 0.280762 0.141101 -0.391888 -0.018722 0.312433 0.263146 -0.412023 -0.147378 -0.044556 0.018812 -0.233218 -0.151728 -0.261163 
0.038089 -0.015713 -0.160643 -0.273812 -0.185463 -0.015537 0.324074 0.654293 -0.474638 0.402604 0.018408 -0.251750 -0.612143 -0.507618 -0.605686 -0.201318 -0.175442 0.022356 -0.150037 0.186511 -0.190187 0.041318 -0.019003 -0.189957 -0.665126 0.306045 0.381049 -0.496151 0.116040 -0.056981 -0.011232 0.088661 0.081996 0.281696 0.427823 0.442953 0.085668 -0.125567 0.131646 0.682708 -0.133892 -0.413313 -0.019439 0.166063 0.329922 -0.468736 0.050272 0.112181 -0.075124 0.344647 0.134868 -0.306737 -0.294945 0.344240 -0.096836 0.395832 0.164502 0.219554 0.299707 0.128469 -0.008793 0.447263 -0.243259 -0.336392 
-0.116632 0.228167 -0.336228 0.101855 0.385323 0.067780 -0.787387 -0.516162 0.248201 0.342280 0.577719 0.133278 0.582920 0.154248 -0.395262 -1.142888 -0.031859 0.585533 -0.665791 0.632105 0.241758 0.027149 -0.081575 -0.218552 1.030768 0.161970 -0.067364 0.137361 0.154587 0.873796 -0.058288 0.121641 -0.248342 0.179235 -0.346489 -0.374480 0.138964 0.783084 -0.396626 -0.512088 0.412177 -0.393289 -0.129207 -0.658743 -0.429418 -0.283503 -0.310015 0.249938 -0.437740 -0.298603 -0.101996 -1.157359 0.675003 0.023699 1.029272 0.367496 -0.656583 0.308399 0.457414 -0.599068 0.081224 0.069530 0.194421 0.149003 
-0.428399 -0.413603 0.465653 -0.018768 -0.105536 -0.062059 0.525210 0.386591 -0.105119 -0.268808 -0.469050 -0.130518 -0.437579 0.150210 0.270452 0.732430 0.151276 -0.041157 0.168023 -0.591239 0.031788 -0.133207 0.118464 0.072486 -0.690222 -0.056441 -0.102239 -0.068902 0.029736 -0.479881 0.150007 -0.533460 0.000903 0.206340 0.127743 0.138006 -0.298399 -0.603218 0.442806 0.296872 -0.185561 0.088274 -0.025099 0.476805 0.203300 0.514520 0.181077 -0.345587 0.431450 0.190502 0.119966 0.848135 -0.524355 -0.021628 -0.755604 -0.108760 0.637118 -0.106232 -0.350592 0.180449 -0.239878 0.182200 0.028107 0.064053 
-0.033095 -0.024517 -0.149010 -0.293648 -0.099664 -0.115578 -0.167920 -0.047245 -0.064463 0.437296 -0.548777 0.125395 -0.029452 -0.881364 -0.009006 -0.301456 -0.376337 -0.237188 0.032118 -0.099514 0.024689 0.231820 0.291186 0.542811 -0.044337 0.241279 -0.146284 -0.556124 -0.148338 -0.123426 -0.047915 0.451915 0.017885 -0.167915 0.538294 0.057400 -0.058021 -0.302871 -0.394293 0.360536 0.172329 0.358526 0.257076 -0.054717 0.241504 0.078632 -0.089054 -0.223126 0.368000 0.241596 0.074695 0.017200 0.110982 -0.134118 0.139287 0.345134 0.528810 -0.424163 0.019081 0.257546 0.012485 0.071178 -0.156660 -0.224494 
-0.272336 0.103118 0.387435 0.119795 0.106731 0.149463 0.475351 -0.105191 0.061922 -0.407038 -0.246055 -0.062385 0.091563 0.432653 0.591678 0.598970 0.211868 0.005567 0.400044 -0.405333 -0.142676 -0.422752 0.054354 -0.207390 -0.149416 -0.242875 0.016966 0.254221 -0.103724 -0.255185 -0.143469 -0.294274 -0.183013 -0.072215 -0.137321 -0.211736 -0.223515 -0.096796 0.284220 -0.016492 -0.071787 -0.022800 -0.021167 0.165242 0.027271 0.400102 0.344982 -0.031843 0.258847 0.036745 -0.391139 0.409772 -0.335618 0.054137 -0.195540 -0.374975 0.033040 0.044997 -0.373594 0.285026 -0.097988 -0.121786 -0.081473 0.124484 
-0.101926 0.050622 0.217065 -0.009057 0.029356 -0.060420 -0.099352 -0.193973 0.120318 -0.004538 0.091413 0.212418 0.124926 -0.053743 0.101423 -0.154660 0.052374 -0.073480 -0.157140 0.098042 0.065554 0.060268 -0.363718 -0.205352 0.181779 -0.013671 -0.136407 -0.088572 0.090050 0.121131 -0.030350 0.343200 0.001688 0.056759 0.051811 -0.086605 -0.076049 0.080721 0.143283 -0.020813 -0.189809 0.199038 -0.026141 0.010140 -0.261347 -0.130366 -0.010630 0.162058 0.009898 -0.334608 0.164526 -0.147072 0.140928 -0.089537 0.284600 0.239540 0.075277 -0.320183 0.039294 0.076889 -0.182037 -0.086476 -0.039577 0.079738 
0.029218 0.344169 -0.096586 0.079466 0.119562 0.051280 0.538979 0.334230 -0.132666 -0.055082 0.098329 -0.276325 -0.195543 0.041957 -0.065964 0.194437 -0.173630 0.083184 0.085983 0.227629 -0.304714 -0.070749 0.163002 -0.471126 -0.713664 -0.067930 0.149924 -0.221978 -0.125508 0.181168 -0.150712 -0.092673 0.187822 0.330980 0.032246 0.155151 -0.200677 -0.281592 0.162192 -0.058296 -0.113322 -0.153944 -0.208095 0.339825 0.350621 0.007897 0.063600 -0.199448 -0.029814 0.391778 -0.007000 -0.034963 -0.360612 0.027259 -0.279808 -0.123988 -0.059169 0.372208 0.154873 0.007743 0.039995 0.287280 -0.199489 -0.012534 
-0.155794 -0.151013 0.066291 0.294008 0.411858 0.465012 0.908449 -0.033481 -0.218367 -0.555990 0.609360 -0.237067 0.738279 1.516922 0.331102 1.202510 0.854677 0.894691 0.374356 -0.388730 -0.141144 -0.720046 -0.076826 -0.632867 -0.003304 -0.026429 0.532861 1.070516 0.796374 -0.063291 -0.205189 -0.859388 -0.419118 -0.470700 -0.277152 -0.528784 0.380159 -0.068223 0.526705 -0.488772 -0.768917 -0.423662 -0.042258 -1.038824 -0.254516 0.381474 0.444539 0.461483 -0.264197 -0.170270 -0.733419 0.753016 -0.483882 -0.209894 -0.533603 -0.651257 -0.847079 0.415050 -0.237715 -0.780764 -0.196770 -0.306957 0.206387 0.120253 
0.172237 0.192999 0.162012 0.276686 -0.209082 0.030992 -0.034021 0.112465 0.142990 -0.044251 -0.199474 -0.125319 0.000831 -0.102347 0.184866 0.180204 -0.179634 -0.152991 0.232108 -0.032974 -0.226468 0.109661 -0.040017 0.027069 -0.393524 -0.286500 -0.040379 0.067181 -0.354150 -0.035474 0.245119 0.079647 0.151097 0.133895 0.108675 -0.002672 -0.319568 -0.298739 -0.054782 0.028511 -0.197555 0.037623 0.093783 0.276811 0.128675 0.070514 0.105290 0.044436 0.256326 0.172612 0.303034 0.082290 -0.325681 0.211130 -0.188544 -0.288632 -0.001455 -0.234605 -0.086031 0.051508 -0.105172 0.212739 -0.044520 -0.021726 
0.312319 0.192703 -0.165121 -0.264760 -0.503408 -0.115236 -0.025352 0.342923 -0.152743 0.442083 -0.076677 -0.335019 -0.293328 -0.574168 -0.479002 0.044498 -0.233985 -0.456405 0.094910 0.006830 -0.496629 0.296043 -0.141254 0.115303 -0.660665 0.096115 0.058889 -0.778748 -0.439175 -0.201583 0.193273 0.638490 0.415286 0.212430 0.571001 0.408898 0.007608 -0.340536 0.057713 0.565704 -0.431555 0.255855 0.043416 0.565385 0.425025 -0.702295 -0.138375 0.210032 0.196373 0.452721 0.544819 -0.189900 -0.173163 0.197038 -0.288648 0.160721 0.393854 -0.416846 0.353710 0.321986 0.244777 0.178456 -0.507114 -0.078967 
0.013115 -0.113452 -0.302044 -0.177549 0.057119 -0.034749 -0.238071 -0.023138 -0.155844 -0.019740 0.146771 0.186514 0.146778 0.027416 -0.132024 -0.084266 0.083663 0.080027 -0.314179 -0.033399 0.179921 0.035555 -0.195049 0.173187 0.409069 0.093066 0.037338 0.050872 0.152965 0.211423 0.067807 0.209362 0.051232 -0.153764 -0.014100 0.076761 -0.039116 0.156693 -0.158969 0.193397 0.219791 -0.017194 -0.080407 -0.303335 -0.334726 -0.077779 -0.031576 0.056910 -0.025378 -0.201922 0.022862 -0.226116 0.210579 0.009231 0.293700 0.048317 -0.298638 0.022573 0.095401 -0.129638 0.091887 0.063228 -0.015192 0.077157 
0.042507 0.074044 -0.337601 -0.382661 -0.051274 -0.437360 -0.622241 -0.152093 -0.083978 0.154374 -0.014088 0.315839 -0.241330 -0.444402 -0.129283 -0.906857 -0.299219 -0.209616 -0.305882 0.452215 0.551103 0.323827 -0.003229 0.359821 0.612681 0.047970 -0.177268 -0.230547 -0.053078 0.118842 0.101120 0.609327 -0.143611 0.002823 0.006384 0.219194 0.037087 0.456012 -0.559233 0.140136 0.680012 -0.082670 0.016752 -0.310254 -0.268844 -0.233969 -0.129279 -0.043363 -0.045443 -0.023348 0.343584 -0.603891 0.693007 -0.308973 0.683917 0.600426 -0.131774 -0.065827 0.284405 -0.025373 0.089680 0.113171 0.223634 -0.262933 
0.588104 -0.077559 -0.033575 0.055746 -0.274887 -0.147084 -0.136974 0.027626 0.297031 -0.324405 -0.309249 0.071879 -0.214152 -0.134924 0.257843 0.054806 -0.037386 -0.460469 0.190526 -0.279554 0.171590 0.164758 0.052981 0.410029 0.207545 -0.123890 -0.186428 -0.027674 -0.568534 -0.086936 0.342823 0.044355 0.270088 -0.285301 -0.079117 0.239025 -0.040943 0.093093 0.034198 -0.139140 0.251778 0.380911 0.228748 0.155868 0.047095 0.280016 -0.085748 -0.129818 0.099646 -0.094117 0.618797 0.158629 0.216352 -0.293184 -0.402864 -0.284940 0.004571 -0.146010 -0.090148 -0.022018 -0.270327 -0.281990 0.107303 0.034772 
0.089085 0.308525 -0.178035 0.355525 0.223739 0.176440 0.604933 0.065394 -0.075192 -0.092688 0.405848 -0.521295 0.270340 0.331977 -0.171670 -0.033775 0.015453 0.368005 -0.131734 0.177155 -0.045037 -0.482410 0.154766 -0.571115 -0.230812 -0.289807 0.269680 0.036241 0.068901 0.548292 -0.243943 -0.142871 -0.024526 0.190729 -0.222469 -0.067179 0.198217 0.518803 0.101045 -0.263414 -0.144317 -0.726709 -0.076188 -0.062966 0.259328 -0.216226 0.259381 0.187919 -0.575019 -0.002764 -0.308071 -0.182554 -0.051488 0.268408 -0.129144 -0.313827 -0.352343 0.647905 0.262786 -0.505584 0.086669 0.345705 -0.042059 -0.087354 
0.225291 -0.105250 0.078317 -0.413642 -0.448366 -0.208034 0.226304 0.686136 -0.180212 -0.012928 -0.769220 -0.050431 -0.838083 -0.701640 0.105880 0.610122 0.004867 -0.660927 0.324891 -0.401593 -0.288455 0.467768 -0.166292 0.446586 -1.132428 0.000772 -0.125237 -0.856762 -0.599723 -0.579199 -0.021468 0.445018 0.459008 0.206311 0.685939 0.586553 -0.173682 -0.842195 0.239618 0.497578 -0.413224 0.547468 0.002500 1.269104 0.676826 0.055008 -0.184497 -0.259338 0.683790 0.261384 0.587083 0.446895 -0.688955 0.092323 -0.488195 0.036147 1.126623 -0.732940 -0.187870 0.856982 -0.255051 0.193762 -0.543944 0.093060 
0.085010 0.041386 -0.103774 -0.338398 -0.042851 -0.365982 -0.486114 0.070457 0.019539 -0.010937 -0.239594 0.141393 -0.467740 -0.567612 -0.094657 -0.530699 -0.189643 -0.164406 0.017641 0.104263 0.226587 0.379153 -0.221141 0.392986 0.244514 0.099015 -0.178141 -0.324711 0.005254 -0.210768 -0.251115 0.317215 0.069188 -0.188630 0.178636 0.234447 -0.336415 -0.189096 -0.251059 0.364841 0.286273 0.258801 0.089875 0.142111 -0.083803 0.068467 0.012020 -0.202857 0.301011 0.132059 0.231467 0.070851 0.384230 -0.082619 0.229999 0.415905 0.495567 -0.329218 -0.094053 0.508143 -0.156751 0.057966 0.034920 -0.182227 
0.277633 -0.061973 0.256738 -0.066334 -0.136870 -0.253955 0.161299 0.349662 0.152490 0.021921 -0.702847 0.028637 -0.510838 -0.297745 0.455889 0.432334 0.056046 -0.302269 0.237787 -0.386966 -0.263739 0.154044 0.133404 0.345532 -0.870516 -0.164666 -0.000261 -0.340485 -0.734047 -0.039231 0.187357 -0.025946 0.457203 0.022851 0.292867 0.278386 -0.205154 -0.631431 0.143557 0.107082 -0.273912 0.308297 0.124082 0.553204 0.321697 0.404140 0.038253 -0.316965 0.516382 0.192609 0.301130 0.309486 -0.440353 -0.068044 -0.580668 -0.106618 0.547325 -0.416149 -0.304069 0.304065 -0.231287 0.069087 -0.087884 0.219106 
0.053607 -0.029872 -0.032020 0.252631 -0.045043 0.164722 -0.001843 0.242311 0.061681 0.025047 -0.113528 -0.183129 -0.228476 -0.137282 0.016427 -0.025584 -0.162444 0.108767 -0.045157 0.033153 -0.158324 -0.038200 -0.242151 0.057799 -0.282135 -0.101872 -0.049485 -0.209910 -0.416384 0.149406 0.195932 -0.236128 0.137331 0.191354 0.031594 0.099691 -0.119084 0.055858 0.034062 -0.105519 -0.124461 0.006433 -0.105504 0.498061 0.070382 0.203885 -0.099234 -0.216874 0.103017 0.054537 0.211518 -0.199144 -0.182368 0.114068 -0.222294 -0.176673 0.218403 0.255389 0.054532 0.175364 -0.163391 0.255179 0.121228 0.309124 
-0.069923 -0.269382 -0.031864 0.037586 -0.225920 0.103525 0.440392 0.018342 -0.353156 0.158858 0.129683 -0.149572 0.182638 0.149337 -0.013004 0.486496 0.020683 -0.037399 0.215052 -0.406469 -0.183715 -0.295499 0.173408 -0.371366 -0.440953 0.212601 0.184114 -0.041344 0.176025 -0.088424 -0.018441 -0.222448 0.091505 0.060910 0.079700 -0.063663 0.505419 -0.046117 0.294096 0.228307 -0.194542 -0.107880 -0.056723 0.042962 0.132583 -0.221642 0.060245 0.396996 -0.151018 0.061573 0.037145 0.269303 -0.286131 0.445299 -0.348907 -0.105924 -0.222508 0.017263 -0.028120 -0.134894 0.153348 0.019548 -0.191580 -0.085220 
0.267571 0.189043 -0.143619 0.182392 -0.195181 0.157706 -0.041861 -0.198966 0.020981 0.181831 -0.019553 -0.037504 -0.187918 -0.395607 -0.119188 -0.069124 -0.333011 -0.371864 -0.011695 0.138258 -0.014326 -0.092419 0.083782 -0.109533 -0.286404 -0.088760 0.087435 -0.189759 -0.314397 0.141504 0.143850 0.340822 -0.028658 0.132023 0.027823 0.197136 0.096934 0.101376 -0.196137 0.131132 0.094588 0.075513 -0.154128 0.262260 0.287609 -0.135720 0.028018 -0.046340 -0.075990 0.202773 0.231000 -0.378876 0.046697 0.146121 -0.014018 0.040616 -0.036171 -0.028608 0.140122 0.244985 0.017561 0.111484 -0.096801 0.043023 
0.195028 -0.006363 -0.123452 -0.239408 -0.234337 -0.242170 0.068063 0.691223 -0.352316 0.438406 -0.257084 -0.331772 -0.387250 -0.515326 -0.542606 -0.016367 -0.282030 -0.245404 0.024292 -0.040699 -0.140453 0.329676 0.202962 -0.100018 -0.333454 0.090548 0.130252 -0.752507 0.006528 -0.144349 -0.103424 0.344177 0.333091 0.249981 0.617940 0.309595 0.112808 -0.313246 -0.110945 0.158875 -0.138891 0.101601 0.207498 0.159926 0.214471 -0.564926 -0.150546 0.051522 0.233578 0.380800 0.636304 -0.034864 -0.257367 0.126982 -0.295749 0.497171 0.561274 -0.351589 0.308591 0.064714 0.181441 0.247505 -0.300313 -0.454143 
-0.076777 -0.326696 0.144441 0.232342 0.176965 0.115923 0.252507 -0.087378 0.070539 -0.289482 0.192490 -0.087831 0.118746 0.520638 0.252479 0.429631 0.364334 0.117885 0.150774 -0.307685 0.206968 -0.355601 0.303083 0.027539 0.411417 -0.006323 0.184482 0.755127 0.488167 -0.063961 -0.022598 -0.461179 -0.120384 -0.413662 -0.388070 -0.239027 0.442443 0.022108 0.275450 -0.286772 -0.073153 -0.215688 0.052639 -0.570997 -0.339686 0.354616 -0.125621 0.068894 -0.176975 -0.269028 -0.212936 0.489045 0.014717 -0.363866 -0.196146 -0.293727 -0.293256 0.214330 -0.157581 -0.524807 -0.032114 -0.515766 0.289445 0.226134 
-0.140672 -0.180441 0.148434 -0.087941 -0.133696 0.011161 -0.132847 0.136137 -0.212899 0.042106 -0.339686 0.080351 0.097756 -0.210668 -0.067591 0.151301 0.101697 0.016983 -0.005478 -0.012612 -0.088610 0.142573 -0.010035 0.136729 -0.459665 -0.086583 -0.024385 -0.532711 -0.288925 0.171097 -0.019120 -0.083672 0.041946 0.197438 0.144720 -0.018854 -0.184676 -0.171549 0.010326 0.213875 0.046424 0.196908 -0.202458 0.423671 0.224254 0.380225 0.084353 -0.020555 0.455820 0.096145 -0.271844 -0.076022 -0.298650 0.076751 -0.050444 0.205534 0.102722 -0.063358 0.018286 0.055269 -0.145208 0.390733 -0.179921 0.258462 
0.182037 0.202656 0.147381 -0.221304 -0.196667 -0.284983 -0.042527 0.252989 0.113425 0.297016 -0.404427 -0.149662 -0.775727 -0.882317 -0.062034 -0.243027 -0.616052 -0.612771 0.096406 0.237899 -0.192466 0.133187 0.331017 0.156702 -0.542942 -0.149698 -0.067589 -0.734923 -0.472157 0.046482 -0.051043 0.375814 0.292770 0.092391 0.514084 0.697526 0.129585 -0.185076 -0.065034 0.367878 0.153792 0.297868 0.180866 0.557720 0.500575 -0.106698 -0.523930 -0.240882 0.303433 0.247199 0.636248 -0.078845 -0.000358 0.103733 -0.453060 0.059583 0.661554 -0.172972 -0.026031 0.379946 0.010497 0.002389 -0.057938 -0.255611 
0.153371 -0.000796 0.151215 0.225602 -0.154268 0.112310 0.173652 -0.109370 -0.044142 0.012806 -0.070524 -0.097759 -0.122692 0.151381 0.404009 0.360312 -0.093614 -0.478464 0.179322 -0.198018 -0.066448 -0.148889 -0.042709 0.018914 -0.456334 0.115902 -0.028466 -0.077901 -0.439559 0.101115 0.215010 -0.037168 0.200694 0.011759 -0.238259 0.247119 -0.202693 -0.125013 0.325392 -0.002888 0.084625 0.206563 -0.151717 0.661346 0.228212 -0.009584 -0.115126 -0.176876 -0.144824 -0.089626 0.163211 0.289831 -0.343684 0.158008 -0.226990 -0.332127 0.078014 -0.018809 -0.371780 0.199262 -0.096350 -0.167482 -0.172717 0.601056 
-0.559791 -0.054181 0.141363 0.222132 0.056369 0.161420 0.166265 0.387723 -0.189170 -0.072665 -0.030285 -0.082743 0.196083 0.278191 -0.387172 -0.056509 0.284102 0.760221 -0.007259 -0.261091 -0.197832 -0.403582 0.090329 -0.106299 -0.173874 -0.216878 0.157754 0.159158 0.480766 -0.031862 -0.077016 -0.611573 -0.450436 0.317396 0.378292 -0.252918 -0.208443 0.099841 -0.324578 0.338701 -0.122177 -0.697729 -0.000981 -0.129485 -0.062697 0.476250 0.438315 -0.038248 0.119489 0.271939 -0.683651 -0.016070 -0.532173 0.109696 0.003619 0.042614 -0.208613 0.752457 0.080303 -0.127358 0.035877 0.651242 0.145749 -0.444251 
0.070971 0.120327 -0.232615 -0.035428 0.102398 -0.009111 -0.146592 0.151826 -0.017274 0.346417 0.216619 -0.017852 -0.057822 -0.223991 -0.539821 -0.348747 -0.341099 0.341714 -0.159795 0.582200 -0.106121 0.273234 0.005231 -0.133918 0.158552 0.010573 0.118059 0.040620 0.390292 0.119997 -0.099400 -0.045139 -0.237113 0.200005 0.107011 -0.052314 -0.069813 0.059604 -0.298839 0.099622 0.049674 -0.360259 -0.169967 -0.472999 -0.017218 -0.411663 0.102771 0.000211 -0.272694 0.247268 -0.089287 -0.234996 0.315717 -0.033172 0.331730 0.362251 0.112994 0.191342 0.213019 -0.087719 0.215304 0.159420 -0.094849 -0.431528 
-0.087219 -0.161845 0.129446 0.192448 0.097051 0.392302 0.065803 -0.479979 -0.001612 -0.096258 0.338213 0.071884 0.492798 0.471459 0.244319 0.285150 0.260035 0.096463 -0.204595 -0.118650 0.000860 -0.175291 -0.304034 -0.071125 0.446092 0.168440 0.133159 0.294308 0.041061 0.152422 0.120565 -0.287266 0.005768 -0.123080 -0.412630 -0.208068 0.196886 0.333187 0.187683 -0.419571 -0.197593 -0.011933 -0.118607 -0.098329 -0.277326 -0.045712 -0.197535 -0.181446 -0.313296 -0.350831 -0.177526 0.159072 0.335615 0.080876 0.263664 -0.377379 -0.489253 0.170573 -0.120829 -0.146749 -0.170818 -0.266962 0.200276 0.495509 
0.147435 -0.406090 -0.041314 0.196977 -0.071711 0.077095 -0.280302 -0.241588 -0.013047 0.005746 -0.208456 0.198921 -0.267850 -0.279331 0.277672 -0.132465 -0.270149 -0.441424 -0.077919 -0.150266 0.111099 -0.028086 0.086748 0.351311 -0.033824 0.156785 0.126601 -0.241316 -0.395537 0.057155 0.238228 -0.033990 0.081301 -0.007184 -0.053246 0.256883 -0.029283 0.116557 0.027123 0.268427 0.240851 0.279303 0.129117 0.390571 0.144309 0.174929 -0.470016 -0.345049 0.022888 -0.118004 0.096157 -0.045868 0.306614 -0.006498 -0.023844 0.001983 0.267559 0.099998 -0.126521 0.076996 0.015623 -0.297954 0.026865 0.255053 
0.053882 0.064994 -0.127001 0.051291 0.343234 0.205563 -0.340891 -0.200365 0.104916 0.066282 0.628638 0.071466 0.666654 0.512647 -0.335037 -0.360110 0.282225 0.373629 -0.065341 0.184878 0.079421 -0.065842 -0.059789 -0.259748 0.711140 0.121712 0.165149 0.651989 0.436419 0.157145 0.023668 -0.018222 -0.252340 -0.218446 -0.339979 -0.597706 0.479507 0.352302 0.154724 -0.442951 -0.142405 -0.124565 -0.070077 -0.726044 -0.451061 -0.528601 0.014770 0.374251 -0.655455 -0.242515 -0.347171 -0.286320 0.221495 0.112611 0.400299 -0.035572 -0.721422 0.227265 0.123997 -0.389560 0.121786 -0.096215 0.016118 0.020226 
0.132224 0.163166 -0.157050 -0.066627 0.062243 0.357499 0.194293 -0.074105 -0.013291 -0.000248 0.366298 -0.222271 0.103439 0.206015 0.097048 0.446791 0.143420 -0.133010 0.068575 -0.195977 -0.259371 -0.051912 -0.262075 -0.039802 -0.217200 0.020231 -0.066975 -0.076210 -0.099079 -0.052891 -0.253466 0.060750 0.237041 -0.037472 -0.042154 -0.089403 0.087429 -0.123930 0.550912 0.083378 -0.195523 0.125115 -0.014716 0.470845 0.225000 -0.366852 -0.034440 -0.067297 -0.196288 -0.100562 -0.431129 0.338263 -0.263448 0.090602 -0.208968 -0.495864 0.055856 -0.107722 0.033500 0.392257 -0.035861 -0.252755 -0.219508 0.435362 
0.268849 0.045648 -0.137550 0.123556 0.049534 0.153068 -0.166591 -0.884166 0.212133 0.157172 0.053033 0.296523 0.173331 -0.361730 0.290570 -0.524908 -0.599278 -0.709805 -0.007084 0.015256 0.264021 -0.387574 0.356193 0.388839 0.539111 -0.037434 -0.339512 0.122114 -0.539746 0.235556 0.142458 0.718136 0.239146 -0.265936 -0.244758 0.062797 0.214448 0.607370 -0.537020 -0.096649 0.574756 0.437818 0.183149 -0.037739 0.131276 -0.066249 -0.496671 -0.136642 -0.197836 -0.271055 0.137144 -0.180499 0.768904 0.020572 0.226489 -0.169950 -0.240702 -0.138422 -0.017894 0.180541 -0.018160 -0.529941 0.034292 0.108278 
0.287972 -0.052012 -0.095650 -0.079510 0.170171 0.164780 -0.038570 -0.394415 0.280251 0.144938 0.188467 0.236789 0.014567 -0.350955 0.058224 -0.286613 -0.256324 -0.649466 -0.017562 -0.321993 0.202191 -0.351556 -0.133552 0.298003 0.496419 -0.097166 -0.285876 0.002100 -0.003397 -0.049883 0.049982 0.509210 -0.040488 -0.274460 0.067912 0.057704 0.107464 0.377593 -0.338510 0.069089 0.253737 -0.037838 0.234608 0.042466 0.148904 -0.141995 -0.309151 -0.049626 0.042000 -0.199615 0.042332 -0.162012 0.477166 -0.105093 0.275042 -0.020209 0.130206 -0.075738 0.014400 0.157620 0.137011 -0.130527 0.008146 -0.299269 
0.342758 0.102023 -0.272163 0.074205 0.091100 0.000324 -0.269005 0.116223 0.111235 -0.114275 -0.072990 -0.045453 -0.190813 -0.328241 -0.355332 -0.533937 -0.230995 -0.064562 -0.151514 0.232189 0.193170 0.329819 -0.084461 0.313073 0.165593 -0.227519 -0.072093 -0.232609 0.030926 0.227698 0.274925 0.092069 -0.026307 0.011097 0.156783 0.201934 -0.045336 0.164193 -0.500350 0.043733 0.403662 0.005954 0.103574 0.018439 0.100420 0.063851 0.053676 0.029772 0.057578 0.239720 0.159887 -0.249448 0.273953 -0.489174 -0.018780 -0.071631 0.044404 0.096241 0.152502 -0.274480 -0.106407 0.008787 0.202592 -0.196962 
0.194395 0.130975 -0.130641 0.436676 0.070942 0.387214 0.210235 -0.063407 -0.136553 -0.073156 0.685099 -0.265367 0.464488 0.704526 0.100023 0.397544 0.324376 0.303221 -0.012258 0.201483 -0.446991 -0.612252 -0.010044 -0.581416 -0.238562 0.086999 0.324013 0.447034 -0.087147 0.683455 0.216042 -0.299253 0.182740 0.103284 -0.424955 -0.326411 0.413451 0.387963 0.415773 -0.451733 -0.635530 -0.413873 -0.288464 -0.263880 0.031099 -0.231345 0.249962 0.269271 -0.730521 -0.117537 -0.254824 -0.340558 -0.390034 0.644523 -0.067424 -0.625219 -0.794298 0.425742 0.247058 -0.470186 0.018166 0.053728 -0.068564 0.407971 
-0.177853 0.003216 -0.288971 0.029888 -0.232847 -0.233458 -0.638801 0.280068 -0.013250 0.109244 -0.379686 0.368803 -0.286960 -0.466513 0.007501 -0.371682 -0.000025 -0.096046 -0.161590 0.282837 -0.057747 0.384733 0.019051 0.218932 0.302469 0.172033 -0.196357 -0.441919 -0.333906 -0.023388 -0.104726 0.147311 -0.008578 0.432049 0.060957 0.388414 -0.247503 -0.116061 -0.208914 0.126590 0.290914 0.073957 -0.243548 0.267114 -0.175655 0.005749 -0.113472 -0.109035 0.345523 0.152116 0.230115 -0.372112 -0.006283 0.053812 0.283406 0.208902 0.314728 -0.131949 0.063827 0.291158 0.039309 0.102697 0.118352 0.038316 
-0.535888 0.067562 0.424106 0.189444 0.019146 0.009215 -0.059966 -0.061904 0.159451 -0.106774 -0.324874 0.195830 0.248227 0.269873 0.087302 0.045322 0.130719 0.545099 0.179936 0.030291 -0.188718 -0.155168 0.131847 -0.137017 -0.144221 -0.420094 0.053180 0.380919 0.206413 -0.093686 0.096783 -0.639926 -0.223619 -0.014699 0.015012 -0.248109 -0.434895 -0.204358 -0.057791 -0.225410 -0.220887 -0.123234 0.168113 -0.021578 -0.044887 0.591430 0.279711 -0.083125 0.268147 0.093880 -0.282661 0.111793 -0.188123 0.000555 -0.120798 -0.111331 -0.093526 0.256237 -0.037247 0.039529 -0.063277 0.097054 0.204413 -0.024156 
0.303925 0.296812 -0.096534 0.012134 0.004461 -0.088259 -0.454975 -0.175344 0.322877 0.443688 -0.039608 0.033303 -0.042372 -0.618497 -0.305975 -0.380330 -0.416797 -0.393803 -0.014617 0.117997 -0.102354 0.204662 0.054130 0.303697 0.230577 -0.095658 -0.265850 -0.202378 -0.275233 0.005659 0.275376 0.368238 0.161991 0.048732 0.147193 -0.077859 0.127207 0.090493 -0.350883 0.123070 0.234522 0.091443 0.267874 0.196981 0.373870 -0.277450 -0.273473 -0.173782 -0.101811 0.006803 0.000003 -0.013903 0.202237 0.083226 0.079361 -0.258849 0.177395 -0.274675 0.057455 0.266993 0.268219 0.071611 -0.294985 0.050442 
-0.143938 -0.106477 0.096009 -0.066201 -0.291995 -0.159001 0.037663 0.101357 -0.403011 0.505788 0.074831 0.042125 0.076427 -0.145585 -0.341519 -0.087530 -0.324079 0.057470 0.044170 -0.114564 -0.117697 -0.035647 0.332367 0.085120 -0.351560 0.285582 0.268302 -0.284628 0.039582 -0.164013 0.035829 -0.127217 -0.072027 0.230576 0.105113 0.119240 0.170995 -0.176194 0.013343 0.445901 -0.019488 -0.024233 0.114013 0.050627 -0.013348 -0.080600 -0.174961 -0.174215 -0.067097 -0.109932 -0.074355 -0.003696 0.002469 0.392053 -0.006039 0.210196 0.138508 -0.044686 0.014175 0.153404 0.106188 0.203866 -0.132115 -0.099215 
-0.330542 -0.148953 -0.016923 -0.021463 0.380975 0.205701 -0.037659 -0.248289 -0.043084 0.051504 0.644054 -0.137356 0.708936 0.792535 -0.085189 0.116918 0.244859 0.533780 -0.207160 0.098490 -0.037792 -0.145506 -0.143300 -0.357047 0.426060 0.360612 0.101130 0.302724 0.568983 0.064410 -0.189142 -0.121428 -0.390168 0.045144 -0.316688 -0.669196 0.181805 0.175671 0.371963 -0.342095 -0.310711 -0.289113 -0.219792 -0.489072 -0.193299 -0.327062 0.218336 0.355925 -0.262149 -0.225818 -0.573646 -0.143474 -0.023278 0.146224 0.314612 -0.074492 -0.627057 0.261685 0.150573 -0.176035 0.068963 -0.196234 -0.054147 0.276207 
0.097360 0.359840 0.225239 0.403381 -0.363581 0.227036 0.461868 0.159918 0.431975 -0.414908 -0.368443 -0.303739 -0.123152 0.455666 0.495981 0.867999 0.187583 -0.180299 0.524950 -0.176406 -0.388026 0.042125 -0.173461 -0.190467 -0.896807 -0.669813 -0.328840 -0.094281 -0.565722 0.010694 0.030570 -0.305022 0.246656 0.081628 -0.055029 0.062227 -0.399308 -0.479131 0.523088 -0.212173 -0.447564 0.428203 -0.153568 0.796048 0.603619 0.447395 0.229746 0.084880 0.255376 0.317341 -0.145069 0.543736 -0.673320 0.127415 -0.815104 -0.798249 0.017850 -0.170448 -0.163525 0.316407 -0.188319 0.054078 -0.298497 0.464141 
0.283810 -0.014031 -0.174999 -0.067148 -0.116798 -0.229281 -0.141912 -0.116542 0.078311 0.075404 -0.272924 0.295630 -0.467603 -0.521629 0.275026 0.102145 -0.402407 -0.407094 0.261131 0.021606 0.207197 0.366703 0.180598 0.573516 0.057100 -0.011971 -0.202916 -0.252869 -0.409068 -0.201348 0.021384 0.522909 0.159847 -0.249648 0.092637 0.160250 -0.051786 -0.410215 -0.202953 0.054759 0.437511 0.545214 -0.015400 0.163069 0.349420 0.086229 -0.229936 -0.308631 0.304189 0.298170 0.373986 0.250625 0.138430 -0.294918 -0.197790 -0.222643 0.417665 -0.448399 -0.185586 0.248951 0.072915 -0.519949 -0.019587 -0.157953 
-0.256772 -0.093237 0.086453 -0.235724 -0.038010 -0.260329 0.263015 0.139849 -0.143772 0.154123 -0.086043 -0.153641 -0.053631 0.188115 -0.328162 0.114689 0.173833 0.224805 -0.060726 0.060948 -0.071697 -0.058042 0.143441 -0.174990 -0.047386 0.067502 0.297158 0.151732 0.510640 -0.226173 -0.016072 -0.397831 -0.130709 0.221454 0.223527 -0.106695 -0.011122 -0.055094 0.086208 0.163460 -0.219751 -0.339390 0.023925 -0.233538 -0.149013 0.028650 0.183511 0.377520 0.101829 -0.047069 -0.230192 -0.052717 -0.265103 0.193950 0.031243 0.396949 0.016571 0.143695 -0.158057 -0.284005 0.155868 0.102310 0.151545 -0.277942 
-0.008333 0.072557 -0.018348 -0.070415 0.312923 -0.060970 -0.011172 -0.781523 -0.094331 0.235251 0.408708 0.148813 0.768067 0.210741 0.063700 -0.245249 -0.142611 0.178177 -0.220427 0.243126 0.306887 -0.063918 0.190081 -0.249803 0.730446 0.180184 -0.106659 0.430746 0.099364 0.241557 -0.033036 0.200779 -0.195368 -0.234409 -0.618664 -0.339751 0.125243 0.419584 -0.171785 -0.313450 0.149318 0.171425 -0.025460 -0.832578 -0.237925 -0.298843 -0.125254 0.247406 -0.490730 -0.120069 -0.119804 -0.379199 0.578634 -0.042559 0.560999 0.150193 -0.622079 0.106280 0.139109 -0.275709 0.085700 -0.346698 0.209328 0.012645 
0.034207 -0.091060 -0.233981 -0.217648 0.154688 -0.292009 -0.685614 0.453183 -0.137096 0.136997 -0.147098 0.087144 -0.240801 -0.388347 -0.693607 -1.057495 0.033954 0.506357 -0.540301 0.614620 0.331954 0.325085 0.069736 0.281712 0.605500 -0.005715 0.005675 0.038161 0.413714 -0.008321 -0.134316 -0.030219 -0.345973 0.044017 0.182534 0.109674 0.086410 0.402419 -0.588273 0.129888 0.635921 -0.309258 -0.024037 -0.614969 -0.396092 0.029693 -0.022495 -0.094221 -0.113101 0.113903 0.087365 -0.506399 0.572372 -0.277616 0.484633 0.580536 0.011698 0.291739 0.337455 -0.501346 0.226798 0.326345 0.497931 -0.603384 
-0.443779 0.160071 0.071610 0.186271 0.143823 -0.089553 -0.439067 -0.448384 0.147285 0.027620 0.044557 0.299054 0.377742 0.288927 0.153775 -0.304474 0.048091 -0.014242 -0.134578 0.155628 0.147061 0.297174 -0.001323 0.018730 0.824153 0.005681 -0.220519 0.300544 0.096576 -0.311824 -0.026143 -0.176312 -0.282154 -0.002339 -0.176888 -0.232730 -0.220020 -0.123900 -0.262876 -0.312909 0.327307 0.073814 -0.159301 -0.298493 -0.412218 0.073065 0.027762 -0.046087 -0.025249 -0.102336 -0.080874 -0.095754 0.278400 -0.257291 0.591098 0.258852 -0.137317 -0.119656 -0.049119 0.288696 0.251651 -0.168194 0.104410 -0.018974 
0.274698 0.179077 -0.247471 0.042481 -0.146014 -0.113834 -0.692337 -0.000724 0.100709 0.255645 0.131102 0.113529 -0.109738 -0.692250 -0.322998 -1.254329 -0.543714 0.194075 -0.442185 0.712467 0.164514 0.236644 -0.204430 0.052606 0.301364 0.049800 -0.001911 -0.399543 -0.068484 0.496737 -0.038999 0.214817 -0.042931 0.374685 0.115358 0.289201 -0.322123 0.376048 -0.540182 -0.063849 0.385000 -0.056694 -0.188441 0.051456 -0.043164 -0.551928 -0.107341 -0.039618 -0.005193 0.262540 0.313015 -0.842136 0.446068 0.118021 0.486327 0.396549 0.067739 0.106385 0.475437 0.008232 0.070241 0.377882 0.009223 -0.091474 
-0.283031 -0.230750 -0.073596 -0.272575 -0.079615 0.111225 -0.450120 -0.096947 -0.330438 0.066228 0.323503 0.439437 0.185303 0.155976 -0.149561 -0.360516 0.025335 0.343392 -0.555700 0.400612 0.271796 0.118222 -0.186263 0.086804 0.482889 0.449551 0.111904 -0.044952 0.399459 -0.024424 -0.119027 0.120564 -0.284279 0.048884 -0.111319 -0.271507 -0.074970 -0.087271 -0.202620 0.000353 0.086918 0.040485 -0.134191 -0.314157 -0.246394 -0.255604 -0.290557 0.175179 -0.149184 -0.128276 -0.003898 -0.375607 0.512890 -0.043619 0.654366 0.691609 -0.159635 -0.134977 0.068167 0.038719 0.190828 -0.038881 -0.058697 0.020120 
-0.144734 -0.135313 -0.258736 -0.183789 0.126624 -0.342003 -0.982364 -0.511577 0.082673 0.561931 -0.037222 0.506624 -0.019191 -0.678611 -0.311426 -1.496765 -0.633161 0.175863 -0.451774 0.631316 0.511024 0.564376 0.223929 0.416582 1.147493 0.293153 -0.194404 -0.172458 0.217374 0.123129 0.135844 0.359641 -0.406699 0.007921 -0.195449 0.093590 -0.240894 0.424405 -0.959126 0.240980 1.106423 0.013306 -0.039699 -0.442290 -0.566228 -0.154574 -0.431743 -0.271155 -0.147854 -0.114341 0.140620 -0.741880 0.959052 -0.390495 0.852564 0.837743 0.037194 -0.054387 0.350223 -0.002262 0.252705 0.073510 0.522872 -0.349444 
-0.284450 -0.189116 0.013110 0.015164 0.300107 0.096148 0.084161 0.035542 -0.045659 -0.266928 0.421325 -0.136014 0.321865 0.847501 -0.038982 0.368727 0.543122 0.845920 -0.126089 0.043524 -0.159326 -0.157803 -0.126341 -0.266332 0.305368 0.304044 0.448760 0.726569 0.731292 0.112254 -0.112995 -0.458930 -0.112083 -0.055375 -0.513830 -0.412996 0.402042 0.219298 0.491841 -0.409379 -0.422194 -0.347789 -0.074908 -0.859618 -0.468092 -0.141063 0.128121 0.382758 -0.602196 -0.385373 -0.257354 -0.042593 0.043909 -0.110420 0.131833 0.045582 -0.582621 0.278381 0.104719 -0.715666 -0.040455 -0.155008 0.310523 0.055682 
0.044652 0.021083 -0.106968 -0.224312 0.028731 0.114964 0.308877 0.343533 -0.216656 -0.286770 0.332288 -0.249798 -0.041228 0.608169 -0.095389 0.460719 0.591649 0.154899 -0.053280 -0.091600 -0.350753 -0.086912 -0.421683 -0.364379 -0.161915 0.108709 0.170245 0.247513 0.406585 -0.020238 -0.092144 0.047412 0.065793 0.227687 -0.190314 -0.047426 0.081656 -0.113224 0.544916 -0.212841 -0.667288 -0.180564 -0.020448 -0.118507 -0.110625 -0.350055 0.299727 0.354836 0.047476 0.022632 0.083995 0.102274 -0.607450 0.225471 -0.313851 0.035074 -0.180243 0.222882 0.075457 -0.197034 0.166783 -0.099107 -0.211689 -0.050340 
0.229406 -0.000593 0.453528 0.512016 0.072042 0.270720 0.488645 -0.509391 0.418221 -0.809217 -0.141242 0.110876 0.393771 0.584203 0.846742 0.436942 0.292394 -0.221147 0.450730 -0.383324 0.561078 -0.454033 -0.157794 -0.196088 0.174198 -0.508477 -0.176514 0.637468 0.105035 -0.086268 0.124246 -0.271590 -0.025723 -0.516543 -0.106947 -0.159769 -0.119845 -0.047955 -0.191858 -0.419772 -0.000628 0.086828 0.222753 -0.302843 -0.168603 0.762231 0.078245 0.004102 0.198633 -0.382242 0.085819 0.351325 0.393082 -0.593055 -0.311545 -0.430046 -0.197296 0.175431 -0.509785 -0.363256 -0.359867 -0.357712 0.243113 -0.194838 
-0.276539 -0.400990 0.307752 0.025378 -0.339870 0.085091 0.287517 0.138243 -0.026071 -0.296989 -0.436276 0.202319 -0.164320 0.365528 0.631034 0.761291 0.365511 -0.318074 0.309340 -0.791485 -0.016662 -0.034762 0.148610 0.119448 -0.465778 0.015987 -0.114475 0.169453 -0.213597 -0.565341 0.072744 -0.298250 0.257650 -0.128353 -0.073382 -0.025509 -0.126379 -0.424540 0.531913 0.218250 -0.185564 0.474228 0.138220 0.447153 0.009207 0.565305 0.110163 -0.190293 0.417481 -0.362714 -0.044956 0.781069 -0.570473 -0.043887 -0.332542 -0.362602 0.394831 -0.356419 -0.700264 0.338817 -0.298258 -0.028230 -0.073376 0.385955 
-0.184603 0.197432 -0.059213 0.159844 0.002170 0.016296 -0.175876 -0.449743 0.060422 -0.005177 -0.022091 0.188395 0.393663 -0.056243 0.035906 -0.214986 -0.163634 0.389182 0.131464 0.072842 0.115240 0.135682 0.302730 -0.023120 0.483215 -0.056704 -0.067737 0.365389 0.054832 0.003660 -0.058671 -0.282558 -0.357204 -0.090490 -0.062026 -0.145462 0.098056 0.143302 -0.330551 -0.039954 0.219427 -0.181555 -0.088749 -0.268374 -0.211894 0.017208 0.182796 0.091209 -0.031630 -0.221030 -0.526705 -0.125481 0.219231 0.044354 0.426579 0.034935 -0.390504 0.085459 0.041157 -0.271772 0.134081 -0.088092 0.377001 0.025066 
0.123361 0.063209 0.293791 -0.014111 -0.011149 -0.157340 -0.001274 -0.088502 0.179381 -0.332245 -0.364849 0.073271 -0.238004 -0.096403 0.427269 0.236153 0.028483 -0.331519 0.408266 -0.071900 0.403152 0.196338 0.222696 0.167557 -0.052133 -0.179369 -0.213256 0.193787 -0.298140 -0.126851 -0.052292 -0.102539 0.081699 -0.351575 -0.094310 0.284276 -0.144694 -0.060625 0.046321 -0.118146 0.258754 0.288227 0.123002 0.199192 -0.063471 0.649865 0.117361 -0.242189 0.124912 -0.117041 0.029287 0.390074 0.216115 -0.468364 -0.257318 -0.269904 0.070078 -0.286760 -0.486966 0.010554 -0.226472 -0.073778 0.015902 0.087229 
